Acc_X, Acc_Y, Acc_Z
-540, -2296, -716
-608, -2220, -568
-566, -2098, -522
-526, -1890, -492
-390, -1426, -340
-296, -984, -184
-168, -366, -84
-8, 262, 20
138, 1160, 108
236, 2118, 100
374, 3578, 128
488, 5064, 236
576, 7184, 236
224, 8191, 268
4, 8191, 388
-156, 8191, 612
-386, 8191, 812
-576, 8191, 1246
-532, 8191, 1592
-578, 8191, 2004
-518, 8191, 2268
-380, 8191, 2428
-316, 7410, 2440
-192, 6752, 2324
-124, 6554, 2050
-20, 6708, 1804
32, 7114, 1576
88, 7722, 1352
86, 8191, 1284
36, 8191, 1240
16, 8191, 1248
-46, 8191, 1312
-94, 8191, 1368
-108, 8191, 1348
-216, 8191, 1896
-68, 8191, 1090
2, 8191, 988
54, 8191, 884
88, 8191, 816
108, 8191, 792
156, 8178, 748
186, 8002, 752
184, 7924, 776
200, 7688, 768
204, 7432, 856
212, 7256, 920
204, 7084, 1010
204, 6936, 1026
212, 6632, 1072
220, 6302, 1104
222, 6056, 1120
254, 5670, 1152
282, 5342, 1180
292, 5018, 1176
300, 4676, 1176
322, 4378, 1152
332, 4122, 1128
334, 3820, 1120
318, 3586, 1172
322, 3304, 1112
336, 3104, 1144
348, 2906, 1112
318, 2730, 1116
316, 2542, 1172
328, 2424, 1152
322, 2292, 1184
300, 2210, 1160
312, 2158, 1172
282, 2118, 1176
288, 2156, 1112
284, 2218, 1092
318, 2360, 1008
328, 2540, 936
352, 2720, 876
360, 2996, 776
392, 3234, 700
376, 3556, 652
392, 3836, 576
374, 4268, 518
396, 4610, 408
352, 5060, 368
344, 5442, 328
300, 5908, 300
302, 6276, 240
268, 6656, 188
248, 6956, 112
216, 7102, 48
200, 7208, -36
208, 7246, -148
196, 7220, -200
168, 7138, -272
154, 7042, -308
168, 7004, -384
152, 6932, -432
156, 6936, -380
164, 6972, -324
120, 7026, -256
108, 7124, -228
90, 7152, -100
84, 7176, -76
64, 7152, -52
38, 7120, -36
42, 7008, 2
46, 6952, 56
112, 6458, 482
86, 5998, 36
46, 6516, -80
48, 6238, -164
56, 6142, -80
40, 6036, -64
32, 5870, -100
20, 5744, -48
20, 5516, -32
-6, 5354, 2
2, 5122, -40
2, 4936, -2
12, 4694, -52
10, 4502, -76
-6, 4276, -80
4, 4088, -132
4, 3886, -72
20, 3662, -88
-12, 3534, -80
-6, 3370, -76
-16, 3216, -56
-12, 3064, -36
-32, 2928, -72
-24, 2790, -32
-24, 2700, -56
0, 2606, -76
-36, 2512, -68
-16, 2422, -64
-12, 2352, -60
-22, 2292, -32
-16, 2282, -48
18, 2244, -2
38, 2260, -14
44, 2304, 20
52, 2412, 56
104, 2532, 132
124, 2686, 152
142, 2852, 192
164, 2992, 240
192, 3096, 268
200, 3268, 336
220, 3408, 348
236, 3560, 380
264, 3744, 444
282, 3914, 460
278, 4084, 514
308, 4282, 560
318, 4438, 572
310, 4628, 624
352, 4814, 628
364, 5004, 688
344, 5142, 724
328, 5306, 732
356, 5396, 716
364, 5516, 784
364, 5604, 756
374, 5722, 756
382, 5762, 776
400, 5788, 740
386, 5870, 732
392, 5884, 728
438, 5860, 756
422, 5884, 736
422, 5914, 732
414, 5930, 752
422, 5918, 724
448, 5904, 716
458, 5874, 744
448, 5850, 720
464, 5792, 732
474, 5758, 756
462, 5696, 756
484, 5580, 764
476, 5472, 804
484, 5358, 792
470, 5272, 788
484, 5178, 808
492, 5076, 788
484, 5030, 776
478, 4876, 800
496, 4722, 780
500, 4624, 784
488, 4508, 748
512, 4440, 728
492, 4304, 776
504, 4190, 796
470, 4056, 780
504, 3944, 808
494, 3828, 808
496, 3758, 796
474, 3646, 828
488, 3562, 824
448, 3508, 836
466, 3442, 780
470, 3416, 808
460, 3404, 832
446, 3372, 784
436, 3360, 796
426, 3382, 784
436, 3420, 712
452, 3458, 696
416, 3524, 668
404, 3602, 664
416, 3672, 580
400, 3762, 544
382, 3856, 478
382, 3906, 416
386, 4016, 420
378, 4132, 336
372, 4248, 316
372, 4352, 312
356, 4408, 256
364, 4530, 264
360, 4616, 216
332, 4706, 176
326, 4832, 168
326, 4930, 160
310, 4996, 152
334, 5044, 128
294, 5074, 148
276, 5148, 100
282, 5204, 108
264, 5232, 108
264, 5222, 88
246, 5228, 112
228, 5234, 72
238, 5240, 80
242, 5232, 36
200, 5234, 36
204, 5278, 52
208, 5140, 52
204, 5066, 2
186, 5092, 36
182, 5104, 14
168, 5022, 32
156, 4970, 44
142, 4936, 68
156, 4864, 56
144, 4806, 104
146, 4692, 92
132, 4620, 92
120, 4520, 88
126, 4448, 92
128, 4360, 56
112, 4252, 104
120, 4160, 52
116, 4064, 88
108, 3980, 68
94, 3884, 52
112, 3796, 48
120, 3720, 60
98, 3652, 52
108, 3546, 56
104, 3510, 64
110, 3448, 52
100, 3394, 56
92, 3316, 80
120, 3290, 32
128, 3230, 76
130, 3220, 64
138, 3204, 96
160, 3188, 56
168, 3192, 108
192, 3226, 136
186, 3270, 132
208, 3334, 192
232, 3398, 168
256, 3424, 204
260, 3434, 196
264, 3514, 212
308, 3524, 252
300, 3562, 288
336, 3628, 296
340, 3680, 292
344, 3738, 336
360, 3802, 356
370, 3844, 380
364, 3936, 368
378, 4008, 400
382, 4100, 424
404, 4152, 490
404, 4282, 472
418, 4356, 492
416, 4404, 500
426, 4464, 524
432, 4516, 532
484, 4564, 568
458, 4602, 572
452, 4616, 576
474, 4662, 572
470, 4718, 572
480, 4704, 576
496, 4702, 556
486, 4722, 576
484, 4728, 588
474, 4720, 588
502, 4720, 576
500, 4710, 600
490, 4702, 608
508, 4740, 624
512, 4664, 612
500, 4640, 612
500, 4612, 664
500, 4564, 688
514, 4554, 652
518, 4512, 632
518, 4468, 648
500, 4402, 656
516, 4382, 676
508, 4328, 672
500, 4292, 660
508, 4244, 676
514, 4164, 692
492, 4114, 656
496, 4070, 664
488, 4040, 692
510, 3988, 644
482, 3940, 636
500, 3910, 692
492, 3870, 664
480, 3862, 668
476, 3818, 684
478, 3802, 704
456, 3792, 680
462, 3760, 636
440, 3766, 636
444, 3780, 632
418, 3754, 672
422, 3768, 624
400, 3788, 640
390, 3806, 616
378, 3806, 568
366, 3828, 552
376, 3848, 552
356, 3872, 510
372, 3884, 448
348, 3914, 456
352, 3970, 364
352, 4018, 388
360, 4064, 356
348, 4104, 328
328, 4144, 312
356, 4190, 276
326, 4230, 268
316, 4272, 240
340, 4290, 260
314, 4312, 236
310, 4342, 228
332, 4352, 232
294, 4386, 236
316, 4396, 228
292, 4404, 232
272, 4434, 224
278, 4432, 204
284, 4476, 204
268, 4446, 212
268, 4508, 220
268, 4446, 204
260, 4438, 208
258, 4436, 172
234, 4436, 180
256, 4412, 176
232, 4382, 176
224, 4400, 120
242, 4372, 160
238, 4334, 152
216, 4304, 120
230, 4294, 144
226, 4256, 160
216, 4212, 124
216, 4128, 112
196, 4114, 152
220, 4060, 160
216, 4022, 108
192, 3974, 116
204, 3928, 136
204, 3892, 140
196, 3870, 140
196, 3836, 124
200, 3780, 164
212, 3784, 116
204, 3740, 140
204, 3690, 116
216, 3684, 156
220, 3676, 144
224, 3638, 116
224, 3620, 132
246, 3624, 200
228, 3608, 184
242, 3624, 160
268, 3594, 148
278, 3624, 144
286, 3650, 180
296, 3646, 156
296, 3664, 172
316, 3644, 200
330, 3662, 192
340, 3672, 220
348, 3710, 248
352, 3720, 248
368, 3754, 260
374, 3776, 280
392, 3802, 280
392, 3820, 304
382, 3836, 316
404, 3884, 340
392, 3880, 340
414, 3922, 360
416, 3944, 380
442, 3962, 388
422, 4000, 416
428, 4044, 396
444, 4056, 436
452, 4076, 432
472, 4100, 440
470, 4140, 472
464, 4138, 448
460, 4186, 436
472, 4194, 468
482, 4222, 484
488, 4230, 496
488, 4248, 488
508, 4260, 460
478, 4248, 506
462, 4226, 506
492, 4240, 476
488, 4234, 518
500, 4256, 520
492, 4226, 544
492, 4230, 522
508, 4222, 514
488, 4172, 544
496, 4182, 544
490, 4172, 568
492, 4148, 564
484, 4110, 568
470, 4110, 556
482, 4066, 548
488, 4062, 576
478, 4060, 572
480, 4004, 560
462, 4004, 572
496, 3984, 584
444, 3958, 556
454, 3954, 572
460, 3918, 592
452, 3910, 560
458, 3914, 580
440, 3904, 588
428, 3884, 556
396, 3896, 568
414, 3876, 548
412, 3852, 560
392, 3868, 544
412, 3868, 564
408, 3856, 552
390, 3870, 528
388, 3862, 522
352, 3864, 496
370, 3868, 502
368, 3880, 510
352, 3884, 484
340, 3892, 464
336, 3900, 460
336, 3914, 400
336, 3928, 392
326, 3958, 364
332, 3974, 344
326, 3970, 348
326, 4012, 316
326, 4022, 312
326, 4018, 304
312, 4044, 296
348, 4056, 320
316, 4056, 304
336, 4066, 280
310, 4066, 268
312, 4080, 248
312, 4080, 260
320, 4084, 276
326, 4100, 300
318, 4096, 244
300, 4114, 232
300, 4096, 260
292, 4108, 236
296, 4104, 244
298, 4104, 228
308, 4116, 216
292, 4084, 196
292, 4092, 192
282, 4056, 224
282, 4066, 232
286, 4052, 188
282, 4044, 176
288, 4026, 192
308, 4016, 220
282, 3998, 164
