2* StdDev Data

Upper X 1st half
2124 , 2898 , 3076 , 5163 , 1695 , 1868 , 1903 , 2108 , 335 , 457 , 1464 , 
309 , 465 , 355 , 1053 , 456 , 746 , 711 , 842 , 947 , 892 , 
674 , 602 , 559 , 508 , 564 , 548 , 540 , 534 , 403 , 433 , 
443 , 456 , 469 , 444 , 443 , 442 , 410 , 364 , 322 , 284 , 
293 , 300 , 321 , 333 , 367 , 382 , 410 , 426 , 427 , 445 , 
429 , 430 , 431 , 439 , 437 , 437 , 4700 , 2259 , 2082 , 1366 , 
734 , 504 , 582 , 603 , 561 , 472 , 438 , 4681 , 2799 , 1215 , 
1006 , 745 , 4079 , 2330 , 960 , 539 , 444 , 716 , 594 , 548 , 
633 , 611 , 602 , 608 , 634 , 617 , 621 , 618 , 604 , 590 , 
582 , 584 , 594 , 603 , 601 , 629 , 632 , 634 , 628 , 612 , 
609 , 606 , 591 , 591 , 588 , 608 , 619 , 628 , 636 , 633 , 
642 , 636 , 640 , 618 , 614 , 587 , 593 , 571 , 582 , 571 ,
555 , 551 , 544 , 539 , 531 , 544 , 543 , 539 , 522 , 544 , 
527 , 521 , 530 , 524 , 512 , 509 , 502 , 489 , 474 , 469 , 
474 , 465 , 474 , 476 , 491 , 499 , 505 , 523 , 536 , 548 , 
572 , 581 , 604 , 602 , 619 , 637 , 622 , 638 , 657 , 659 , 
670 , 675 , 673 , 671 , 678 , 674 , 677 , 672 , 682 , 673 , 
674 , 680 , 677 , 680 , 679 , 683 , 674 , 685 , 685 , 684 , 
690 , 680 , 688 , 682 , 683 , 679 , 672 , 660 , 663 , 646 , 
636 , 638 , 628 , 616 , 614 , 605 , 586 , 590 , 580 , 565 , 
565 , 553 , 545 , 552 , 538 , 532 , 514 , 508 , 504 , 498 , 
506 , 510 , 521 , 505 , 503 , 520 , 523 , 530 , 545 , 556 , 
571 , 575 , 587 , 594 , 605 , 610 , 624 , 621 , 637 , 651 , 
649 , 672 , 669 , 672 , 677 , 682 , 692 , 694 , 694 , 700 , 
685 , 697 , 689 , 695 , 679 , 685 , 686 , 680 , 673 , 669

Upper X 2nd half
667 , 661 , 665 , 651 , 643 , 637 , 638 , 629 , 636 , 635 ,
606 , 614 , 611 , 607 , 594 , 584 , 587 , 593 , 579 , 587 ,
576 , 567 , 562 , 574 , 575 , 575 , 584 , 585 , 597 , 612 ,
614 , 626 , 625 , 638 , 642 , 647 , 651 , 661 , 667 , 689 ,
674 , 666 , 684 , 672 , 685 , 695 , 692 , 696 , 688 , 695 ,
707 , 698 , 708 , 698 , 714 , 715 , 712 , 714 , 693 , 703 ,
691 , 694 , 688 , 690 , 689 , 683 , 682 , 681 , 660 , 676 ,
665 , 663 , 644 , 655 , 639 , 640 , 633 , 614 , 622 , 612 ,
600 , 607 , 608 , 580 , 587 , 575 , 567 , 559 , 561 , 547 ,
545 , 553 , 552 , 541 , 539 , 544 , 543 , 552 , 543 , 548 ,
560 , 554 , 554 , 582 , 586 , 581 , 589 , 593 , 606 , 613 ,
632 , 626 , 624 , 638 , 626 , 647 , 650 , 650 , 651 , 651 ,
662 , 667 , 655 , 666 , 664 , 664 , 669 , 670 , 656 , 664 ,
669 , 673 , 666 , 669 , 666 , 661 , 655 , 671 , 658 , 649 ,
657 , 659 , 650 , 643 , 629 , 638 , 640 , 632 , 626 , 620 ,
634 , 633 , 644 , 630 , 636 , 636 , 638 , 642 , 649 , 657 ,
663 , 667 , 652 , 660 , 675 , 682 , 681 , 679 , 682 , 679 ,
681 , 686 , 685 , 674 , 675 , 677 , 694 , 689 , 693 , 701 ,
693 , 693 , 696 , 683 , 684 , 694 , 678 , 680 , 682 , 690 ,
680 , 671 , 663 , 666 , 668 , 657 , 656 , 666 , 659 , 656 ,
645 , 645 , 642 , 638 , 631 , 635 , 633 , 624 , 618 , 620 ,
609 , 610 , 601 , 601 , 598 , 589 , 599 , 586 , 586 , 587 ,
570 , 578 , 578 , 574 , 586 , 565 , 561 , 569 , 571 , 577 ,
574 , 584 , 595 , 582 , 591 , 592 , 600 , 609 , 617 , 619 ,
622 , 623 , 625 , 637 , 632 , 628 , 654 , 646 , 638 , 644

Lower X 1st half
-4468 , -4486 , -4412 , -5521 , -3197 , -3136 , -3193 , -3100 , -1049 , -903 , -1480 ,
-651 , -627 , -381 , -851 , -464 , -758 , -501 , -542 , -769 , -704 , 
-518 , -490 , -569 , -616 , -808 , -848 , -932 , -1018 , -1005 , -1023 , 
-1045 , -1088 , -1091 , -1044 , -993 , -930 , -838 , -724 , -618 , -532 , 
-487 , -464 , -435 , -419 , -405 , -382 , -374 , -326 , -317 , -315 , 
-267 , -254 , -249 , -249 , -219 , -195 , -3372 , -3001 , -2758 , -1654 , 
-666 , -344 , -482 , -493 , -443 , -296 , -254 , -3415 , -3457 , -1405 , 
-1158 , -835 , -3037 , -2954 , -1148 , -389 , -444 , -792 , -586 , -468 , 
-535 , -473 , -398 , -368 , -330 , -259 , -219 , -158 , -88 , -26 , 
30 , 72 , 78 , 95 , 113 , 101 , 100 , 102 , 96 , 84 , 
65 , 62 , 63 , 59 , 56 , 36 , 35 , 28 , 20 , 17 , 
-6 , 0 , -16 , -18 , -22 , -13 , -23 , -17 , -30 , -25
-17 , -29 , -24 , -21 , -13 , -28 , -29 , -25 , -22 , -36 , 
-33 , -23 , -30 , -28 , -16 , -23 , -14 , -7 , 14 , 13 , 
14 , 25 , 26 , 32 , 39 , 47 , 53 , 55 , 48 , 60 , 
52 , 73 , 64 , 98 , 107 , 113 , 130 , 146 , 141 , 159 , 
166 , 175 , 189 , 195 , 206 , 222 , 221 , 232 , 230 , 245 , 
238 , 252 , 245 , 240 , 255 , 247 , 258 , 257 , 253 , 256 , 
250 , 268 , 260 , 258 , 255 , 259 , 260 , 268 , 255 , 266 , 
256 , 262 , 248 , 244 , 230 , 233 , 230 , 226 , 236 , 221 , 
217 , 213 , 213 , 200 , 198 , 184 , 202 , 188 , 192 , 178 , 
182 , 170 , 161 , 169 , 163 , 160 , 171 , 170 , 165 , 164 , 
163 , 175 , 183 , 178 , 185 , 198 , 200 , 205 , 209 , 203 , 
217 , 204 , 209 , 204 , 197 , 198 , 188 , 166 , 178 , 160 , 
165 , 161 , 157 , 143 , 143 , 133 , 130 , 124 , 121 , 113

Lower X 2nd half
103 , 105 , 93 , 99 , 91 , 101 , 86 , 89 , 80 , 79 , 
94 , 86 , 87 , 95 , 94 , 96 , 95 , 101 , 111 , 111 , 
120 , 127 , 130 , 150 , 143 , 159 , 156 , 161 , 157 , 160 , 
170 , 166 , 181 , 174 , 194 , 203 , 207 , 213 , 223 , 225 , 
250 , 254 , 260 , 272 , 273 , 275 , 288 , 288 , 304 , 311 , 
303 , 314 , 316 , 318 , 322 , 315 , 324 , 326 , 337 , 335 , 
343 , 334 , 340 , 338 , 337 , 343 , 334 , 329 , 344 , 328 , 
325 , 335 , 336 , 315 , 319 , 308 , 313 , 310 , 302 , 304 , 
296 , 295 , 272 , 280 , 287 , 267 , 279 , 267 , 261 , 255 , 
261 , 245 , 244 , 245 , 231 , 240 , 239 , 236 , 243 , 228 , 
224 , 242 , 230 , 214 , 210 , 209 , 217 , 217 , 210 , 213 , 
204 , 210 , 216 , 210 , 222 , 207 , 202 , 210 , 211 , 207 , 
198 , 203 , 203 , 202 , 200 , 196 , 189 , 182 , 188 , 180 , 
181 , 173 , 178 , 173 , 174 , 177 , 179 , 171 , 170 , 185 , 
181 , 167 , 174 , 183 , 197 , 190 , 196 , 204 , 206 , 220 , 
206 , 213 , 216 , 230 , 240 , 240 , 246 , 246 , 245 , 257 , 
259 , 255 , 276 , 280 , 287 , 282 , 289 , 295 , 306 , 311 , 
313 , 310 , 325 , 338 , 343 , 349 , 334 , 337 , 329 , 329 , 
341 , 337 , 344 , 351 , 352 , 342 , 354 , 356 , 346 , 342 , 
348 , 355 , 355 , 354 , 344 , 353 , 344 , 338 , 343 , 336 , 
337 , 333 , 322 , 314 , 327 , 311 , 297 , 308 , 310 , 300 , 
301 , 294 , 301 , 281 , 282 , 285 , 275 , 270 , 270 , 259 , 
266 , 254 , 266 , 254 , 250 , 245 , 261 , 245 , 247 , 241 , 
238 , 232 , 227 , 238 , 231 , 232 , 228 , 221 , 217 , 223 , 
230 , 231 , 225 , 221 , 220 , 228 , 226 , 226 , 238 , 228

Upper Y 1st half
8119 , 4168 , 2773 , 2929 , 3103 , 3876 , 5803 , 5668 , 3228 , 2128 , 2372 , 
2880 , 4822 , 4689 , 4753 , 5220 , 5857 , 6906 , 8380 , 9813 , 10880 , 
11866 , 11781 , 11617 , 11662 , 11812 , 11553 , 11072 , 10429 , 10044 , 9773 , 
9356 , 8942 , 8801 , 8683 , 8487 , 8390 , 8517 , 8506 , 8683 , 8815 , 
8791 , 8614 , 8461 , 8518 , 8594 , 8656 , 8720 , 8836 , 8944 , 8986 , 
9069 , 9137 , 9228 , 9322 , 9317 , 9243 , 9394 , 10527 , 8871 , 9168 , 
8522 , 8371 , 8002 , 7678 , 7273 , 7031 , 6700 , 7012 , 5300 , 5564 , 
5044 , 5025 , 4649 , 4145 , 3793 , 3721 , 3558 , 3619 , 3755 , 4006 , 
4314 , 4740 , 5152 , 5638 , 6136 , 6636 , 7140 , 7637 , 8087 , 8459 , 
8817 , 8995 , 9101 , 9104 , 8988 , 8823 , 8626 , 8562 , 8627 , 8776 , 
8745 , 8706 , 8580 , 8382 , 8241 , 7992 , 7941 , 7933 , 7848 , 7885 , 
7952 , 8025 , 8137 , 8274 , 8360 , 8460 , 8483 , 8444 , 8378 , 8238 , 
8078 , 7910 , 7717 , 7540 , 7338 , 7190 , 7005 , 6802 , 6604 , 6400 , 
6194 , 5956 , 5734 , 5475 , 5253 , 4996 , 4736 , 4474 , 4260 , 3971 , 
3788 , 3586 , 3424 , 3302 , 3267 , 3312 , 3431 , 3586 , 3756 , 3966 , 
4122 , 4333 , 4526 , 4731 , 4917 , 5111 , 5287 , 5489 , 5649 , 5833 , 
5963 , 6078 , 6189 , 6269 , 6310 , 6354 , 6396 , 6400 , 6390 , 6372 , 
6362 , 6317 , 6294 , 6264 , 6243 , 6213 , 6234 , 6240 , 6282 , 6325 , 
6367 , 6397 , 6468 , 6529 , 6572 , 6573 , 6591 , 6602 , 6539 , 6520 , 
6458 , 6399 , 6286 , 6172 , 6084 , 5969 , 5841 , 5708 , 5545 , 5382 , 
5244 , 5091 , 4935 , 4767 , 4600 , 4441 , 4323 , 4190 , 4097 , 3991 , 
3963 , 3965 , 4007 , 4078 , 4155 , 4270 , 4374 , 4483 , 4613 , 4737 , 
4847 , 4947 , 5036 , 5142 , 5233 , 5317 , 5382 , 5439 , 5492 , 5521 , 
5549 , 5558 , 5571 , 5549 , 5528 , 5521 , 5511 , 5520 , 5476 , 5471 , 
5472 , 5491 , 5526 , 5558 , 5600 , 5626 , 5664 , 5713 , 5733 , 5754

Upper Y 2nd half
5753 , 5759 , 5749 , 5737 , 5706 , 5687 , 5616 , 5580 , 5519 , 5452 , 
5371 , 5283 , 5183 , 5099 , 5008 , 4888 , 4777 , 4645 , 4537 , 4406 , 
4304 , 4208 , 4094 , 3993 , 3890 , 3807 , 3763 , 3729 , 3736 , 3754 , 
3815 , 3878 , 3951 , 4007 , 4107 , 4193 , 4251 , 4343 , 4397 , 4497 , 
4560 , 4624 , 4689 , 4758 , 4782 , 4833 , 4857 , 4880 , 4902 , 4925 , 
4935 , 4930 , 4958 , 4926 , 4908 , 4921 , 4880 , 4883 , 4867 , 4861 , 
4900 , 4909 , 4936 , 4974 , 4982 , 5021 , 5037 , 5050 , 5051 , 5056 , 
5052 , 5041 , 5008 , 4983 , 4958 , 4923 , 4855 , 4836 , 4764 , 4711 , 
4656 , 4584 , 4498 , 4444 , 4366 , 4298 , 4208 , 4162 , 4090 , 4040 , 
4020 , 3995 , 3991 , 4011 , 4029 , 4057 , 4104 , 4145 , 4190 , 4225 , 
4269 , 4311 , 4354 , 4392 , 4436 , 4479 , 4488 , 4526 , 4543 , 4586 , 
4585 , 4593 , 4597 , 4605 , 4602 , 4591 , 4587 , 4577 , 4557 , 4568 , 
4542 , 4538 , 4548 , 4566 , 4568 , 4609 , 4632 , 4660 , 4685 , 4698 , 
4713 , 4740 , 4727 , 4729 , 4717 , 4730 , 4706 , 4692 , 4667 , 4630 , 
4609 , 4561 , 4530 , 4485 , 4444 , 4382 , 4333 , 4267 , 4221 , 4153 , 
4100 , 4058 , 4016 , 3971 , 3931 , 3893 , 3872 , 3846 , 3838 , 3845 , 
3864 , 3898 , 3908 , 3943 , 3982 , 4002 , 4033 , 4061 , 4095 , 4133 , 
4156 , 4181 , 4227 , 4228 , 4260 , 4286 , 4299 , 4303 , 4333 , 4335 , 
4351 , 4350 , 4364 , 4348 , 4337 , 4342 , 4345 , 4327 , 4329 , 4335 , 
4323 , 4329 , 4342 , 4363 , 4368 , 4383 , 4390 , 4392 , 4398 , 4386 , 
4398 , 4380 , 4383 , 4367 , 4346 , 4321 , 4298 , 4284 , 4247 , 4206 , 
4177 , 4154 , 4128 , 4093 , 4067 , 4039 , 4026 , 3995 , 3978 , 3972 , 
3959 , 3950 , 3958 , 3973 , 3969 , 3990 , 4013 , 4028 , 4045 , 4057 , 
4087 , 4096 , 4109 , 4121 , 4118 , 4147 , 4158 , 4164 , 4173 , 4176 , 
4182 , 4172 , 4189 , 4183 , 4178 , 4179 , 4162 , 4173 , 4154 , 4167

Lower Y 1st half
-4433 , -2476 , -2611 , -4855 , -4261 , -4504 , -4953 , -4864 , -3692 , -3516 , -4320 
-3952 , -4782 , -4467 , -4347 , -4300 , -3923 , -3674 , -3620 , -3439 , -2896 , 
-2358 , -1343 , -295 , 694 , 1612 , 2425 , 3384 , 4365 , 5112 , 5609 , 
5992 , 6494 , 6933 , 7235 , 7663 , 7834 , 7661 , 7646 , 7479 , 7371 , 
7375 , 7598 , 7789 , 7762 , 7662 , 7552 , 7440 , 7220 , 6956 , 6718 , 
6389 , 6081 , 5756 , 5422 , 5069 , 4783 , 4446 , 2051 , 3663 , 2436 , 
2798 , 2555 , 2310 , 1746 , 1509 , 1111 , 996 , 372 , 824 , 584 , 
592 , 341 , 365 , 429 , 441 , 145 , 374 , 367 , 203 , 130 , 
-30 , -228 , -388 , -502 , -580 , -588 , -564 , -435 , -225 , 87 , 
469 , 987 , 1549 , 2216 , 2992 , 3767 , 4482 , 5054 , 5439 , 5652 , 
5885 , 6026 , 6180 , 6234 , 6157 , 6292 , 6153 , 6049 , 5932 , 5821 , 
5760 , 5621 , 5453 , 5342 , 5172 , 4964 , 4767 , 4548 , 4334 , 4146 , 
3954 , 3762 , 3581 , 3416 , 3226 , 3050 , 2873 , 2730 , 2592 , 2464 , 
2314 , 2208 , 2110 , 2043 , 1969 , 1920 , 1900 , 1918 , 1920 , 1967 , 
2004 , 2050 , 2108 , 2146 , 2159 , 2100 , 2019 , 1918 , 1812 , 1718 , 
1686 , 1637 , 1646 , 1691 , 1777 , 1871 , 1991 , 2097 , 2229 , 2381 , 
2555 , 2766 , 2969 , 3197 , 3430 , 3662 , 3900 , 4124 , 4350 , 4576 , 
4750 , 4945 , 5078 , 5220 , 5307 , 5381 , 5398 , 5396 , 5370 , 5325 , 
5243 , 5157 , 5036 , 4905 , 4792 , 4649 , 4543 , 4402 , 4283 , 4128 , 
3990 , 3859 , 3758 , 3648 , 3524 , 3409 , 3305 , 3220 , 3153 , 3090 , 
3028 , 2983 , 2947 , 2919 , 2920 , 2917 , 2911 , 2902 , 2897 , 2911 , 
2883 , 2841 , 2783 , 2726 , 2671 , 2594 , 2550 , 2519 , 2517 , 2513 , 
2559 , 2619 , 2716 , 2790 , 2877 , 2985 , 3110 , 3223 , 3360 , 3517 , 
3681 , 3822 , 3967 , 4113 , 4252 , 4401 , 4523 , 4624 , 4700 , 4775 , 
4820 , 4827 , 4794 , 4762 , 4696 , 4630 , 4556 , 4453 , 4361 , 4250

Lower Y 2nd half
4149 , 4059 , 3965 , 3857 , 3778 , 3667 , 3592 , 3488 , 3411 , 3324 , 
3263 , 3195 , 3163 , 3107 , 3056 , 3044 , 3017 , 3017 , 3009 , 3022 , 
3024 , 3028 , 3074 , 3117 , 3150 , 3191 , 3211 , 3217 , 3208 , 3178 , 
3131 , 3094 , 3043 , 3043 , 3015 , 3021 , 3027 , 3047 , 3077 , 3101 , 
3120 , 3164 , 3213 , 3266 , 3322 , 3389 , 3485 , 3564 , 3634 , 3737 , 
3839 , 3918 , 3994 , 4098 , 4208 , 4249 , 4332 , 4387 , 4431 , 4445 , 
4440 , 4437 , 4404 , 4366 , 4322 , 4253 , 4201 , 4146 , 4103 , 4048 , 
3980 , 3921 , 3872 , 3819 , 3762 , 3711 , 3691 , 3620 , 3616 , 3575 , 
3552 , 3524 , 3522 , 3504 , 3502 , 3506 , 3516 , 3514 , 3522 , 3532 , 
3528 , 3499 , 3503 , 3463 , 3437 , 3405 , 3380 , 3361 , 3350 , 3349 , 
3337 , 3339 , 3346 , 3356 , 3376 , 3395 , 3448 , 3494 , 3543 , 3562 , 
3625 , 3689 , 3749 , 3805 , 3866 , 3931 , 4007 , 4053 , 4101 , 4148 , 
4186 , 4226 , 4240 , 4214 , 4204 , 4173 , 4136 , 4100 , 4057 , 4014 , 
3969 , 3916 , 3871 , 3833 , 3793 , 3734 , 3694 , 3660 , 3623 , 3606 , 
3569 , 3541 , 3534 , 3493 , 3488 , 3490 , 3485 , 3487 , 3485 , 3497 , 
3508 , 3518 , 3528 , 3547 , 3563 , 3577 , 3600 , 3598 , 3594 , 3601 , 
3592 , 3574 , 3564 , 3563 , 3538 , 3542 , 3545 , 3561 , 3551 , 3565 , 
3564 , 3593 , 3591 , 3628 , 3640 , 3670 , 3695 , 3727 , 3749 , 3791 , 
3823 , 3858 , 3884 , 3932 , 3961 , 3990 , 4009 , 4051 , 4069 , 4083 , 
4087 , 4085 , 4066 , 4043 , 4028 , 4011 , 3978 , 3964 , 3922 , 3918 , 
3886 , 3864 , 3823 , 3819 , 3794 , 3781 , 3758 , 3752 , 3747 , 3738 , 
3729 , 3710 , 3720 , 3725 , 3715 , 3715 , 3714 , 3731 , 3726 , 3728 , 
3707 , 3722 , 3698 , 3693 , 3689 , 3682 , 3657 , 3648 , 3641 , 3657 , 
3639 , 3652 , 3657 , 3661 , 3686 , 3691 , 3706 , 3708 , 3725 , 3756 , 
3778 , 3792 , 3817 , 3847 , 3874 , 3895 , 3926 , 3933 , 3954 , 3971

Upper Z 1st half
3981 , 3180 , 3404 , 4485 , 4054 , 3834 , 3525 , 1710 , 719 , 995 , 1740 , 
1033 , 3027 , 1452 , 1994 , 1387 , 1564 , 2693 , 1152 , 1674 , 1492 , 
1630 , 2016 , 2100 , 2038 , 2332 , 2807 , 3163 , 3490 , 3782 , 3761 , 
3649 , 3573 , 3446 , 3277 , 3040 , 2785 , 2534 , 2328 , 2284 , 2330 , 
2340 , 2266 , 2152 , 2058 , 1881 , 1808 , 1701 , 1643 , 1585 , 1525 , 
1492 , 1462 , 1455 , 1459 , 1464 , 1463 , 1494 , 6659 , 3658 , 4140 , 
4157 , 5414 , 2761 , 2257 , 1561 , 1629 , 1784 , 5105 , 5101 , 5093 , 
1612 , 1412 , 1542 , 5025 , 5096 , 5089 , 3405 , 1724 , 3931 , 1716 , 
1995 , 1577 , 1426 , 1479 , 1449 , 1272 , 1314 , 1273 , 1223 , 1217 , 
1139 , 1077 , 1005 , 948 , 912 , 926 , 962 , 1013 , 1025 , 1014 , 
938 , 804 , 660 , 568 , 336 , 277 , 284 , 305 , 321 , 309 , 
309 , 320 , 305 , 282 , 275 , 278 , 273 , 280 , 263 , 265 , 
255 , 219 , 216 , 206 , 168 , 160 , 141 , 123 , 107 , 82 , 
77 , 24 , 32 , 20 , 19 , -16 , 0 , 7 , 45 , 66 , 
91 , 113 , 130 , 178 , 230 , 269 , 327 , 384 , 436 , 486 , 
523 , 592 , 628 , 682 , 728 , 772 , 794 , 855 , 869 , 874 , 
916 , 921 , 925 , 922 , 941 , 930 , 942 , 937 , 926 , 923 , 
950 , 946 , 965 , 976 , 970 , 981 , 1002 , 982 , 986 , 974 , 
988 , 964 , 958 , 949 , 931 , 951 , 943 , 945 , 928 , 950 , 
936 , 927 , 945 , 924 , 936 , 963 , 958 , 957 , 960 , 945 , 
943 , 929 , 938 , 929 , 913 , 923 , 935 , 925 , 937 , 945 , 
943 , 952 , 948 , 946 , 977 , 964 , 977 , 962 , 960 , 951 , 
914 , 886 , 830 , 792 , 745 , 683 , 673 , 613 , 577 , 545 , 
500 , 468 , 432 , 398 , 387 , 386 , 336 , 331 , 289 , 296 , 
270 , 251 , 246 , 248 , 209 , 205 , 196 , 181 , 174 , 162

Upper Z 2nd half
167 , 154 , 151 , 152 , 141 , 155 , 136 , 137 , 139 , 135 , 
123 , 125 , 118 , 120 , 107 , 125 , 145 , 123 , 150 , 152 , 
171 , 166 , 167 , 196 , 210 , 244 , 242 , 289 , 322 , 332 , 
354 , 386 , 419 , 450 , 459 , 480 , 518 , 545 , 549 , 582 , 
598 , 614 , 603 , 630 , 652 , 641 , 653 , 642 , 653 , 642 , 
667 , 655 , 654 , 677 , 664 , 683 , 696 , 689 , 704 , 718 , 
722 , 727 , 704 , 702 , 719 , 728 , 728 , 750 , 749 , 740 , 
740 , 747 , 754 , 756 , 752 , 764 , 755 , 776 , 775 , 777 , 
771 , 783 , 787 , 766 , 792 , 769 , 781 , 785 , 797 , 779 , 
814 , 790 , 795 , 812 , 818 , 818 , 794 , 816 , 789 , 802 , 
774 , 764 , 747 , 716 , 723 , 668 , 658 , 597 , 555 , 528 , 
501 , 485 , 448 , 422 , 391 , 381 , 370 , 350 , 334 , 319 , 
320 , 305 , 319 , 310 , 304 , 291 , 273 , 278 , 273 , 281 , 
274 , 254 , 266 , 237 , 226 , 220 , 225 , 224 , 198 , 204 , 
213 , 194 , 183 , 188 , 186 , 197 , 197 , 183 , 209 , 203 , 
222 , 220 , 220 , 239 , 250 , 256 , 265 , 286 , 318 , 313 , 
346 , 366 , 385 , 403 , 402 , 447 , 437 , 475 , 487 , 480 , 
474 , 509 , 511 , 529 , 538 , 509 , 531 , 530 , 534 , 546 , 
533 , 562 , 558 , 550 , 563 , 575 , 590 , 592 , 589 , 592 , 
591 , 606 , 611 , 606 , 621 , 605 , 610 , 604 , 617 , 649 , 
620 , 620 , 640 , 642 , 644 , 633 , 633 , 655 , 630 , 650 , 
645 , 677 , 660 , 656 , 653 , 658 , 669 , 658 , 665 , 681 , 
686 , 674 , 678 , 692 , 678 , 670 , 681 , 662 , 671 , 658 , 
645 , 649 , 630 , 596 , 589 , 576 , 555 , 517 , 518 , 488 , 
448 , 440 , 426 , 410 , 382 , 379 , 361 , 346 , 345 , 341

Lower Z 1st half
-1807 , -1608 , -1960 , -4551 , -4610 , -4406 , -3395 , -2650 , -2413 , -2741 , -3204 , 
-3283 , -5401 , -2444 , -2726 , -2929 , -1952 , -2519 , -1492 , -1862 , -1044 , 
-998 , -1368 , -1168 , -666 , -604 , -669 , -517 , -310 , -238 , 57 , 
361 , 477 , 522 , 557 , 452 , 449 , 490 , 568 , 464 , 374 , 
340 , 346 , 388 , 490 , 485 , 496 , 489 , 503 , 541 , 625 , 
676 , 786 , 843 , 887 , 912 , 923 , 850 , -4477 , -494 , -1296 , 
-863 , -1822 , 13 , 317 , 761 , 293 , 40 , -2295 , -2315 , -2231 , 
428 , 544 , 378 , -4195 , -2072 , -2115 , -2159 , -16 , -1445 , 108 , 
-645 , -119 , 66 , -117 , -131 , 80 , -54 , -115 , -137 , -219 , 
-237 , -271 , -303 , -320 , -408 , -486 , -634 , -747 , -851 , -898 , 
-906 , -880 , -808 , -744 , -656 , -667 , -712 , -727 , -727 , -667 , 
-567 , -492 , -403 , -274 , -221 , -178 , -131 , -144 , -145 , -171 , 
-193 , -193 , -232 , -242 , -236 , -272 , -271 , -277 , -273 , -282 , 
-291 , -276 , -280 , -292 , -289 , -264 , -268 , -265 , -275 , -286 , 
-313 , -339 , -330 , -362 , -378 , -403 , -409 , -432 , -436 , -450 , 
-441 , -460 , -420 , -390 , -344 , -280 , -226 , -169 , -87 , -30 , 
40 , 129 , 197 , 302 , 369 , 446 , 486 , 561 , 606 , 647 , 
666 , 690 , 693 , 688 , 706 , 705 , 706 , 702 , 710 , 714 , 
696 , 704 , 714 , 721 , 735 , 723 , 731 , 745 , 768 , 746 , 
760 , 759 , 753 , 772 , 764 , 727 , 726 , 745 , 728 , 725 , 
707 , 725 , 698 , 693 , 681 , 659 , 627 , 617 , 573 , 537 , 
519 , 456 , 428 , 390 , 337 , 292 , 253 , 186 , 148 , 103 , 
86 , 78 , 62 , 36 , 41 , 23 , 1 , -3 , -7 , -23 , 
-20 , -20 , -20 , -18 , -21 , -42 , -28 , -45 , -15 , -24 , 
-34 , -25 , -18 , -16 , -23 , -23 , -40 , -31 , -38 , -30

Lower Z 2nd half
-45 , -46 , -29 , -40 , -39 , -49 , -48 , -47 , -81 , -69 , 
-73 , -67 , -70 , -64 , -61 , -79 , -79 , -85 , -98 , -100 , 
-113 , -106 , -105 , -108 , -122 , -140 , -118 , -147 , -142 , -144 , 
-146 , -146 , -149 , -138 , -121 , -96 , -86 , -63 , -27 , 2 , 
30 , 54 , 99 , 126 , 164 , 213 , 245 , 302 , 313 , 370 , 
379 , 423 , 450 , 461 , 492 , 511 , 512 , 525 , 532 , 542 , 
558 , 547 , 576 , 598 , 595 , 604 , 596 , 610 , 613 , 620 , 
624 , 635 , 646 , 620 , 644 , 628 , 639 , 608 , 607 , 601 , 
615 , 591 , 583 , 598 , 568 , 577 , 549 , 529 , 493 , 499 , 
442 , 442 , 411 , 384 , 346 , 314 , 290 , 248 , 245 , 190 , 
178 , 160 , 147 , 136 , 103 , 112 , 94 , 97 , 103 , 100 , 
97 , 101 , 104 , 110 , 107 , 113 , 98 , 106 , 122 , 103 , 
100 , 97 , 79 , 62 , 64 , 59 , 49 , 54 , 37 , 45 , 
30 , 46 , 26 , 29 , 30 , 28 , 25 , 16 , 26 , 16 , 
17 , 18 , 11 , 20 , 30 , 9 , 21 , 23 , 9 , 23 , 
14 , 12 , 12 , -1 , -2 , 0 , 1 , 6 , 2 , -3 , 
-14 , -10 , 1 , 11 , 18 , 11 , 49 , 39 , 71 , 100 , 
118 , 133 , 159 , 169 , 178 , 229 , 235 , 262 , 302 , 298 , 
341 , 330 , 366 , 390 , 415 , 403 , 414 , 428 , 429 , 452 , 
463 , 454 , 467 , 466 , 477 , 505 , 486 , 508 , 505 , 489 , 
516 , 532 , 516 , 526 , 508 , 517 , 517 , 507 , 522 , 498 , 
489 , 473 , 496 , 500 , 481 , 462 , 457 , 430 , 429 , 405 , 
386 , 378 , 350 , 324 , 310 , 290 , 277 , 242 , 239 , 214 , 
209 , 193 , 182 , 196 , 157 , 148 , 155 , 161 , 134 , 148 , 
152 , 152 , 150 , 146 , 150 , 139 , 137 , 158 , 153 , 137
